0
21469
9989
22118
3498
16928
16045
19742
12123
8410
12262
27052
5660
9758
21087
25875
32368
26234
15213
17661
20497
8192
23065
23471
32096
10782
14597
23213
24244
5662
514
25643
1350
19577
8051
18234
16883
13024
5984
21166
23479
9992
31834
27346
12783
23098
4113
19916
17992
22934
29621
13005
27273
20265
530
12288
3591
18358
12131
4910
26336
2364
2810
6453
29437
17995
16020
12329
3274
14857
10108
12356
4019
30978
25951
14231
18528
691
31466
5230
11437
24533
23598
27266
5998
22889
1711
32480
998
5256
32588
22172
1284
7911
20947
5175
29789
14381
28256
16330
5355
25588
121
26102
9606
4257
7147
14740
7975
24293
23395
9235
6869
22030
19660
28851
7032
4374
18282
32363
14138
12392
1978
9358
23771
7285
11529
13895
